id;code_bon;raison_coupure;taxe
1;Metal b supply-chains;embrace interactive;89626
2;Ingenieur;synthesize Cambridgeshire;79785
3;hardware;transmitter;46405
4;Provence-Alpes-Côte grow Open-source;Money matrix;52839
5;transmit;microchip invoice;5881
6;overriding Soft;c Rhône-Alpes Île-de-France;89863
7;Consultant services monetize;cross-media b;93661
8;integrate;Charlemagne access Account;85708
9;eco-centric exuding;Midi-Pyrénées Centralized;37159
10;Cordoba harness;orchestration deposit;87460
